# This list was automatically generated using generate.xsl;
 note 53 101 8000 1 500 30 30;
 note 54 101 8000 1 500 30 30;
 note 55 101 8000 1 500 30 30;
3000 note 55 101 8000 1 500 30 30;
 note 56 101 8000 1 500 30 30;
 note 57 101 8000 1 500 30 30;
3000 note 57 101 8000 1 500 30 30;
 note 58 101 8000 1 500 30 30;
 note 59 101 8000 1 500 30 30;
3000 note 59 101 8000 1 500 30 30;
 note 60 101 8000 1 500 30 30;
 note 61 101 8000 1 500 30 30;
3000 note 61 101 8000 1 500 30 30;
 note 62 101 8000 1 500 30 30;
 note 63 101 8000 1 500 30 30;
3000 note 63 101 8000 1 500 30 30;
 note 64 101 8000 1 500 30 30;
 note 65 101 8000 1 500 30 30;
3000 note 65 101 8000 1 500 30 30;
 note 66 101 8000 1 500 30 30;
 note 67 101 8000 1 500 30 30;
3000 note 67 101 8000 1 500 30 30;
 note 68 101 8000 1 500 30 30;
 note 69 101 8000 1 500 30 30;
3000 note 69 101 8000 1 500 30 30;
 note 70 101 8000 1 500 30 30;
 note 71 101 8000 1 500 30 30;
3000 note 71 101 8000 1 500 30 30;
 note 72 101 8000 1 500 30 30;
 note 73 101 8000 1 500 30 30;
3000 note 73 101 8000 1 500 30 30;
 note 74 101 8000 1 500 30 30;
 note 75 101 8000 1 500 30 30;
3000 note 75 101 8000 1 500 30 30;
 note 76 101 8000 1 500 30 30;
 note 77 101 8000 1 500 30 30;
3000 note 77 101 8000 1 500 30 30;
 note 78 101 8000 1 500 30 30;
 note 79 101 8000 1 500 30 30;
3000 note 79 101 8000 1 500 30 30;
 note 80 101 8000 1 500 30 30;
 note 81 101 8000 1 500 30 30;
3000 note 81 101 8000 1 500 30 30;
 note 82 101 8000 1 500 30 30;
 note 83 101 8000 1 500 30 30;
3000 note 83 101 8000 1 500 30 30;
 note 84 101 8000 1 500 30 30;
 note 85 101 8000 1 500 30 30;
3000 note 85 101 8000 1 500 30 30;
 note 86 101 8000 1 500 30 30;
 note 87 101 8000 1 500 30 30;
3000 note 87 101 8000 1 500 30 30;
 note 88 101 8000 1 500 30 30;
 note 89 101 8000 1 500 30 30;
3000 note 89 101 8000 1 500 30 30;
 note 90 101 8000 1 500 30 30;
 note 91 101 8000 1 500 30 30;
3000 note 91 101 8000 1 500 30 30;
 note 92 101 8000 1 500 30 30;
 note 93 101 8000 1 500 30 30;
